# NGC 2420
# Distance = 2390 pc
#  B-V       V 
 0.349  14.034 
 0.364  14.761 
 0.350  14.941 
 0.368  15.122 
 0.412  15.546 
 0.555  16.739 
 0.559  16.747 
 0.560  16.861 
 0.626  17.116 
 0.801  17.319 
 1.085  11.450 
 0.946  13.004 
 0.884  13.596 
 0.443  13.803 
 0.393  13.817 
 0.395  14.415 
 0.394  14.482 
 0.379  14.524 
 0.379  14.604 
 0.369  14.915 
 0.404  15.081 
 0.370  15.128 
 0.450  15.280 
 0.380  15.361 
 0.478  15.564 
 0.429  15.802 
 0.426  15.846 
 0.462  16.015 
 0.580  16.216 
 0.460  16.104 
 0.548  16.512 
 0.563  16.608 
 0.576  16.799 
 0.587  16.873 
 0.586  16.875 
 0.781  17.282 
 0.660  17.387 
 0.931  17.890 
 0.724  17.745 
 1.396  10.959 
 0.954  12.495 
 0.436  13.892 
 0.010  13.584 
 0.422  14.175 
 0.779  14.511 
 0.397  14.177 
 0.397  14.320 
 0.380  14.290 
 0.391  14.389 
 0.396  14.414 
 0.375  14.420 
 0.388  14.463 
 0.377  14.474 
 0.387  14.487 
 0.376  14.559 
 0.379  14.583 
 0.376  14.649 
 0.381  14.829 
 0.396  14.868 
 0.406  15.080 
 0.383  15.103 
 0.365  15.189 
 0.396  15.518 
 0.400  15.540 
 0.401  15.530 
 0.422  15.668 
 0.408  15.687 
 0.405  15.704 
 0.406  15.721 
 0.535  15.849 
 0.570  15.909 
 0.426  15.803 
 0.562  16.026 
 0.469  16.172 
 0.499  16.280 
 0.516  16.480 
 0.649  16.620 
 0.684  16.645 
 0.523  16.509 
 0.565  16.617 
 0.619  16.963 
 0.847  17.471 
 0.663  17.338 
 0.725  17.591 
 0.855  17.841 
 0.744  17.668 
 1.214  11.394 
 0.834  11.658 
 0.809  14.304 
 0.806  14.401 
 0.378  14.520 
 0.403  14.963 
 0.371  15.056 
 0.377  15.286 
 0.391  15.452 
 0.386  15.468 
 0.457  15.492 
 0.397  15.545 
 0.423  15.769 
 0.432  15.832 
 0.445  15.901 
 0.571  16.044 
 0.593  16.284 
 0.499  16.363 
 0.499  16.361 
 0.507  16.523 
 0.524  16.616 
 0.639  16.878 
 0.588  16.919 
 0.609  17.038 
 0.636  17.107 
 0.650  17.146 
 0.844  17.640 
 0.700  17.617 
 0.737  17.681 
 0.962  12.437 
 0.975  12.840 
 0.122  12.283 
 0.905  13.429 
 0.827  14.219 
 0.393  13.857 
 0.371  14.674 
 0.361  14.759 
 0.371  14.894 
 0.364  15.043 
 0.384  15.469 
 0.517  15.718 
 0.405  15.678 
 0.438  15.873 
 0.542  16.376 
 0.574  16.713 
 0.587  16.939 
 0.614  16.951 
 0.601  16.960 
 0.608  17.140 
 0.630  17.175 
 0.840  17.412 
 0.632  17.206 
 0.630  17.221 
 0.654  17.372 
 0.678  17.421 
 0.721  17.506 
 0.691  17.535 
 0.715  17.675 
 0.757  17.736 
 0.961  12.452 
 0.946  12.550 
 0.844  12.494 
 0.892  13.367 
 0.396  13.744 
 0.557  13.957 
 0.425  13.872 
 0.596  14.142 
 0.436  14.178 
 0.407  14.237 
 0.373  14.509 
 0.366  14.570 
 0.378  14.629 
 0.359  14.676 
 0.355  14.670 
 0.371  14.734 
 0.405  14.902 
 0.375  14.888 
 0.358  14.921 
 0.390  15.324 
 0.394  15.423 
 0.420  15.652 
 0.427  15.747 
 0.423  15.760 
 0.447  15.878 
 0.456  15.922 
 0.453  16.111 
 0.454  16.099 
 0.493  16.197 
 0.479  16.226 
 0.506  16.396 
 0.547  16.570 
 0.548  16.616 
 0.639  17.157 
 0.666  17.309 
 0.953  17.637 
 0.734  17.698 
 0.487  13.929 
 0.803  14.473 
 0.441  14.149 
 0.423  14.329 
 0.386  14.427 
 0.366  14.610 
 0.390  14.773 
 0.440  15.167 
 0.427  15.175 
 0.401  15.222 
 0.431  15.437 
 0.418  15.623 
 0.426  15.736 
 0.506  16.188 
 0.493  16.195 
 0.504  16.280 
 0.504  16.381 
 0.532  16.469 
 0.538  16.543 
 0.562  16.573 
 0.716  16.793 
 0.553  16.700 
 0.564  16.710 
 0.754  17.037 
 0.746  17.088 
 0.762  17.171 
 0.595  16.966 
 0.620  17.032 
 0.690  17.239 
 0.827  17.552 
 0.691  17.412 
 0.699  17.415 
 0.710  17.503 
 0.721  17.622 
 0.730  17.645 
 0.746  17.689 
 0.947  12.559 
 0.563  13.949 
 0.824  14.241 
 0.407  14.318 
 0.390  14.594 
 0.350  14.625 
 0.391  14.659 
 0.361  14.667 
 0.365  14.865 
 0.374  15.059 
 0.387  15.248 
 0.385  15.283 
 0.407  15.551 
 0.419  15.686 
 0.614  15.884 
 0.442  15.992 
 0.581  16.216 
 0.472  16.201 
 0.472  16.207 
 0.496  16.380 
 0.515  16.407 
 0.524  16.456 
 0.650  16.620 
 0.542  16.634 
 0.565  16.820 
 0.600  16.904 
 0.620  17.078 
 0.598  17.066 
 0.629  17.082 
 0.803  17.271 
 0.694  17.297 
 0.872  17.669 
 0.724  17.602 
 0.746  17.665 
 0.752  17.689 
 0.755  17.823 
 0.987  12.302 
 1.005  12.571 
 0.969  12.478 
 0.957  12.974 
 0.440  14.229 
 0.362  14.774 
 0.363  14.800 
 0.376  15.045 
 0.377  15.234 
 0.396  15.484 
 0.425  15.679 
 0.431  15.812 
 0.450  15.939 
 0.571  16.072 
 0.450  16.024 
 0.495  16.216 
 0.522  16.546 
 0.536  16.675 
 0.591  16.945 
 0.797  17.207 
 0.832  17.305 
 0.629  17.082 
 0.607  17.088 
 0.626  17.107 
 0.652  17.207 
 0.403  14.357 
 0.383  14.370 
 0.400  14.402 
 0.394  14.405 
 0.925  14.973 
 0.393  14.538 
 0.359  14.704 
 0.370  14.780 
 0.413  14.891 
 0.371  14.989 
 0.358  15.118 
 0.370  15.126 
 0.471  15.766 
 0.457  15.873 
 0.510  16.390 
 0.555  16.569 
 0.611  16.723 
 0.577  16.873 
 0.627  17.171 
 0.668  17.206 
 0.642  17.227 
 0.468  17.541 
 0.789  17.854 
 0.380  14.954 
 0.364  14.976 
 0.383  15.227 
 0.386  15.357 
 0.439  15.695 
 0.449  15.954 
 0.467  16.035 
 0.534  16.346 
 0.494  16.319 
 0.526  16.506 
 0.535  16.663 
 0.572  16.723 
 0.613  17.148 
 0.745  17.454 
 0.719  17.581 
 0.391  14.485 
 0.389  14.585 
 0.366  14.635 
 0.366  14.946 
 0.350  15.078 
 0.377  15.146 
 0.373  15.221 
 0.406  15.519 
 0.450  15.744 
 0.453  15.962 
 0.462  15.992 
 0.457  16.085 
 0.462  16.133 
 0.482  16.282 
 0.497  16.309 
 0.508  16.346 
 0.562  16.793 
 0.569  16.811 
 0.577  16.909 
 0.694  17.113 
 0.600  17.024 
 0.615  17.027 
 0.837  17.349 
 0.653  17.244 
 0.683  17.399 
 0.938  12.492 
 0.799  14.495 
 0.350  14.754 
 0.375  14.891 
 0.376  14.898 
 0.369  15.027 
 0.412  15.604 
 0.444  15.886 
 0.483  16.216 
 0.651  16.588 
 0.534  16.595 
 0.551  16.631 
 0.556  16.692 
 0.548  16.698 
 0.562  16.692 
 0.568  16.858 
 0.568  16.876 
 0.735  17.255 
 0.838  17.424 
 0.646  17.212 
 0.718  17.628 
 0.369  15.283 
 0.422  15.652 
 0.430  15.720 
 0.457  16.029 
 0.485  16.277 
 0.502  16.332 
 0.508  16.332 
 0.515  16.434 
 0.560  16.620 
 0.639  17.142 
 0.641  17.256 
 0.829  17.462 
 0.667  17.361 
 0.693  17.485 
 0.368  14.659 
 0.362  14.655 
 0.394  14.866 
 0.370  15.037 
 0.369  15.131 
 0.365  15.328 
 0.389  15.538 
 0.457  16.052 
 0.594  16.883 
 0.595  16.950 
 0.618  17.096 
 0.625  17.200 
 0.697  17.497 
 0.519  16.506 
 0.531  16.581 
 0.548  16.649 
 0.585  16.748 
 0.573  16.761 
 0.565  16.768 
 0.583  16.840 
 0.609  16.957 
 0.601  16.989 
 0.696  17.389 
 0.742  17.713 
 0.779  17.869 
 0.377  14.578 
 0.370  14.934 
 0.357  15.161 
 0.381  15.315 
 0.464  16.021 
 0.531  16.561 
 0.558  16.759 
 0.566  16.844 
 0.574  16.835 
 0.618  17.070 
 0.723  17.591 
 0.397  15.354 
 0.436  15.822 
 0.502  16.337 
 0.542  16.636 
 0.589  16.848 
 0.607  16.994 
 0.613  17.024 
 0.760  17.625 
 0.361  14.756 
 0.371  15.159 
 0.467  16.128 
 0.495  16.434 
 0.573  16.547 
 0.596  16.974 
 0.624  17.058 
 0.361  14.646 
 0.426  15.774 
 0.438  15.788 
 0.427  15.786 
 0.493  16.224 
 0.508  16.399 
 0.529  16.645 
 0.628  17.117 
 0.726  17.326 
 0.651  17.224 
 0.735  17.675 
 0.925  13.043 
 0.382  14.401 
 0.383  15.518 
 0.425  15.614 
 0.429  15.751 
 0.441  15.845 
 0.454  15.992 
 0.480  16.271 
 0.608  17.056 
 0.440  15.947 
 0.699  17.335 
 0.985  16.713 
